20050101 20050701 -0.31
20050201 20050801 4.82
20050301 20050901 1.85
20050401 20051001 5.65
20050501 20051101 4.97
20050601 20051201 6.02
20050701 20060101 5.16
20050801 20060201 4.83
20050901 20060301 6.63
20051001 20060401 6.5
20051101 20060501 9.22
20051201 20060601 2.55
20060101 20060701 3.04
20060201 20060801 -0.07
20060301 20060901 2.44
20060401 20061001 3.79
20060501 20061101 5.89
20060601 20061201 9.89
20060701 20070101 12.48
20060801 20070201 14.8
20060901 20070301 7.98
20061001 20070401 7.32
20061101 20070501 9.67
20061201 20070601 10.94
20070101 20070701 7.05
20070201 20070801 2.1
20070301 20070901 5.91
20070401 20071001 9.65
20070501 20071101 2.51
20070601 20071201 -2.64
20070701 20080101 -1.83
20070801 20080201 -3.72
20070901 20080301 -8.41
20071001 20080401 -10.55
20071101 20080501 -5.6
20071201 20080601 -4.62
20080101 20080701 -11.32
20080201 20080801 -8.71
20080301 20080901 -2.88
20080401 20081001 -14.05
20080501 20081101 -30.64
20080601 20081201 -40.86
20080701 20090101 -28.72
20080801 20090201 -33.43
20080901 20090301 -41.75
20081001 20090401 -29.15
20081101 20090501 -7.84
20081201 20090601 17.19
20090101 20090701 3.63
20090201 20090801 20.82
20090301 20090901 37.28
20090401 20091001 28.4
20090501 20091101 19.06
20090601 20091201 18.67
20090701 20100101 23.15
20090801 20100201 12.62
20090901 20100301 13.94
20091001 20100401 16.62
20091101 20100501 16.99
20091201 20100601 -1.48
20100101 20100701 -7.41
20100201 20100801 1.53
20100301 20100901 -2.66
20100401 20101001 -2.19
20100501 20101101 0.3
20100601 20101201 13.14
20100701 20110101 23.03
20100801 20110201 19.2
20100901 20110301 21.36
20101001 20110401 16.68
20101101 20110501 15.6
20101201 20110601 9.45
20110101 20110701 7.49
20110201 20110801 -0.58
20110301 20110901 -6.77
20110401 20111001 -14.16
20110501 20111101 -9.67
20110601 20111201 -4.27
20110701 20120101 -5.21
20110801 20120201 4.05
20110901 20120301 15.19
20111001 20120401 25.78
20111101 20120501 16.6
20111201 20120601 3.65
20120101 20120701 9.48
20120201 20120801 4.85
20120301 20120901 3.47
20120401 20121001 3.59
20120501 20121101 2.55
20120601 20121201 12.08
20120701 20130101 5.94
20120801 20130201 11.3
20120901 20130301 9.11
20121001 20130401 9.37
20121101 20130501 12.11
20121201 20130601 16.31
20130101 20130701 14.41
20130201 20130801 13.94
20130301 20130901 8.64
20130401 20131001 9.62
20130501 20131101 12.46
20130601 20131201 11.87
20130701 20140101 15.64
20130801 20140201 5.49
20130901 20140301 15.01
20131001 20140401 12.26
20131101 20140501 7.93
20131201 20140601 7.5
20140101 20140701 7.67
20140201 20140801 9.03
20140301 20140901 8.74
20140401 20141001 4.22
20140501 20141101 8.1
20140601 20141201 7.8
20140701 20150101 5.38
20140801 20150201 4.67
20140901 20150301 6.03
20141001 20150401 6.89
20141101 20150501 5.53
20141201 20150601 3.85
20150101 20150701 1.9
20150201 20150801 6.53
20150301 20150901 -8.12
20150401 20151001 -5.64
20150501 20151101 -0.32
20150601 20151201 0.59
20150701 20160101 -1.23
20150801 20160201 -7.52
20150901 20160301 3.85
20151001 20160401 7.7
20151101 20160501 -0.77
20151201 20160601 -0.19
