20140101 20140401 2.38
20140201 20140501 6.16
20140301 20140601 3.89
20140401 20140701 5.16
20140501 20140801 2.71
20140601 20140901 4.67
20140701 20141001 -0.9
20140801 20141101 5.25
20140901 20141201 3.0
20141001 20150101 6.34
20141101 20150201 -0.55
20141201 20150301 2.94
20150101 20150401 0.52
20150201 20150501 6.12
20150301 20150601 0.88
20150401 20150701 1.37
20150501 20150801 0.38
20150601 20150901 -8.92
20150701 20151001 -6.92
20150801 20151101 -0.7
20150901 20151201 10.44
20151001 20160101 6.11
20151101 20160201 -6.87
20151201 20160301 -5.97
